100
4 2
5 2
6 2
1000 1000
1000 1
776305 617277
986383 858243
256191 233308
500000 2
518750 397243
802487 614989
500000 240530
326284 295395
999999 499998
500000 499999
500000 127
638072 512470
903527 810539
1000000 475712
500000 250000
1000000 524288
1000000 1
1000000 499999
3 2
645164 591923
1000000 262143
500000 249999
1000000 262144
1000000 1000000
4 1
339350 263308
999999 499999
2 1
999999 127
401891 331792
954143 757094
625801 478614
500000 500000
500000 262144
1000000 2
528701 486422
1000000 127
522238 429925
999999 262143
425898 413694
999999 475712
2 2
999999 2
1000000 499998
1000000 524287
698937 616033
1000000 500000
787155 663735
1000000 522961
578068 448393
500000 131072
999999 128
999999 999998
829881 816218
999999 330855
500000 237857
461327 421320
966282 951744
3 1
500000 237856
500000 128
999999 1
1 1
999999 524287
1000000 475713
346585 289597
333538 299378
999999 499997
767209 761308
999999 999999
5 1
500000 262143
500000 249998
999999 475711
942958 710664
603099 518893
394384 365341
1000000 316954
1000000 999999
500000 131071
635808 478813
999999 262144
999999 524288
500000 1
347170 311253
534059 457121
787482 712700
711517 632317
621958 607477
500000 157566
335658 284396
456129 432439
1000000 128
917994 868129
999999 513778
